1969
14.0
5.2
5.0
4.0
18.0
7.0
5.2
5.1
33.0
14.0
14.0
14.0
14.0
33.0
14.0
5.0
5.0
11.1
4.9
4.1
3.4
20.0
20.0
7.1
10.0
7.0
10.0
27.0
18.0
14.0
6.0
11.0
21.0
3.0
3.0
5.8
8.42
5.2
10.0
3.0
15.0
7.0
5.0
12.5
2.0
13.0
5.0
7.0
17.0
24.0
3.0
9.0
6.4
14.0
5.0
12.89
6.55
6.9
7.27
2.55
5.0
5.0
3.0
3.0
3.0
5.6
6.0
6.5
4.8
42.0
15.0
5.0
4.0
7.0
5.2
5.2
5.1
8.0
8.0
2.8
5.2
2.8
2.0
14.0
5.0
5.0
5.0
28.0
14.0
14.0
9.4
7.0
6.4
5.0
12.5
24.0
14.0
10.0
13.0
3.7
24.0
5.2
3.0
4.9
4.9
2.0
7.0
5.2
14.0
5.2
7.5
3.0
14.0
14.0
14.0
1.0
14.0
9.5
11.0
11.1
15.5
11.1
14.0
27.0
3.9
22.0
22.0
22.0
1.0
6.0
4.0
5.2
4.0
5.6
5.0
14.0
1.0
14.0
14.0
24.0
8.2
6.5
5.8
5.1
5.1
3.0
4.0
21.0
14.0
3.0
10.0
8.0
14.0
9.0
7.0
7.0
2.0
6.0
6.0
14.0
7.0
10.0
14.0
3.0
3.0
6.0
29.0
29.0
4.0
2.0
14.0
10.0
6.0
3.0
4.4
2.0
2.0
2.0
2.0
6.0
2.0
9.0
10.0
3.0
2.0
3.0
12.0
10.0
14.0
14.0
4.0
4.0
14.0
7.0
8.0
14.0
20.0
21.0
12.0
5.0
35.0
21.0
14.0
7.0
3.0
7.0
7.0
14.0
4.0
4.0
2.0
7.0
14.0
3.0
1.9
13.0
2.0
4.0
10.0
6.7
12.0
14.0
5.0
10.0
7.0
3.0
21.0
25.0
5.0
21.0
21.0
14.0
7.0
4.0
2.0
20.0
30.0
2.0
2.0
4.0
7.0
10.0
10.0
7.0
7.0
60.0
5.0
3.0
60.0
2.0
3.0
3.0
3.0
3.0
61.0
1.0
1.0
7.0
7.0
21.0
6.0
6.0
14.0
14.0
38.0
38.0
2.0
2.0
3.0
3.0
49.0
5.2
2.0
20.0
3.0
2.0
14.0
12.0
7.0
6.0
3.0
4.0
10.0
7.0
7.0
3.0
2.0
1.0
14.0
10.0
1.0
3.0
28.0
2.0
8.0
4.0
2.0
16.0
6.0
10.0
1.0
2.0
4.0
8.0
6.0
6.0
6.0
8.0
10.0
14.0
5.0
5.0
4.0
8.0
17.0
10.0
4.0
8.0
7.0
44.0
3.0
3.0
20.0
4.0
5.0
12.0
10.0
5.0
21.0
21.0
12.0
2.05
4.0
6.0
21.0
21.0
1.8
1.8
5.2
33.0
14.0
14.0
21.0
4.0
2.0
90.0
3.0
3.0
7.0
5.0
3.0
21.0
14.0
3.0
3.0
21.0
14.0
7.0
2.0
2.0
2.0
2.0
2.0
8.0
10.0
6.0
5.0
4.0
2.0
3.0
2.0
12.0
6.4
6.83
14.0
7.0
3.0
5.0
3.0
3.0
3.0
12.0
10.0
4.0
35.0
14.0
12.0
14.0
10.0
21.0
10.0
4.0
5.0
10.0
5.0
16.0
6.4
12.0
3.0
30.0
14.0
14.0
10.0
20.0
6.0
10.0
3.0
90.0
4.0
8.0
18.0
5.0
3.0
4.0
3.0
7.0
3.0
14.0
2.0
3.0
7.0
90.0
7.0
7.0
5.0
5.0
5.0
3.0
4.6
6.4
30.0
3.0
2.0
18.0
5.0
3.0
2.0
14.0
7.0
3.0
7.0
4.0
6.4
12.0
3.0
10.0
4.0
8.0
3.0
14.0
5.0
3.0
1.0
5.0
9.0
31.0
9.0
9.8
21.0
7.0
18.0
7.0
14.0
14.0
8.0
6.0
7.0
10.0
3.0
1.0
4.0
7.0
3.0
5.0
6.0
8.0
60.0
3.0
2.0
8.0
6.0
30.0
2.0
9.0
10.0
10.0
14.0
8.0
19.0
3.0
40.0
12.0
12.0
14.0
7.0
4.0
7.0
3.0
10.0
7.0
8.0
6.0
1.0
10.0
10.0
3.0
8.0
5.0
7.0
3.0
4.0
4.0
3.0
15.0
10.0
10.0
30.0
10.0
30.0
4.0
6.0
7.0
5.0
6.0
21.0
5.0
2.0
6.0
5.0
15.0
10.0
7.0
5.0
6.4
6.4
15.0
5.0
8.0
6.0
4.0
7.0
7.0
6.0
10.0
4.0
6.0
15.0
14.0
5.0
7.0
25.0
25.0
25.0
15.0
10.0
25.0
25.0
7.0
4.0
5.0
15.0
27.0
2.0
5.0
10.0
60.0
7.0
12.0
20.0
7.0
3.0
6.0
2.0
1.0
5.0
3.0
3.0
56.0
10.0
5.0
5.0
5.0
4.0
7.0
24.0
10.0
5.0
5.2
5.2
6.0
4.0
5.0
4.0
14.0
5.0
5.0
6.7
3.0
3.0
18.0
14.0
10.0
14.0
14.0
21.0
3.0
14.0
6.0
7.0
2.0
3.0
3.0
7.0
4.0
4.0
3.0
2.0
14.0
15.0
9.0
6.0
2.0
1.0
12.0
3.0
10.0
6.0
2.0
4.0
21.0
5.2
7.0
14.0
14.0
7.0
7.0
3.0
12.0
4.0
2.0
21.0
22.0
10.0
7.0
2.0
14.0
6.0
2.0
20.0
4.0
5.0
8.0
2.0
1.0
12.0
4.0
7.0
5.0
7.0
30.0
6.0
5.0
6.0
1.5
1.5
5.0
5.0
4.0
4.0
5.0
4.0
2.0
2.0
4.0
2.0
10.0
7.0
6.0
9.0
3.0
5.0
2.0
18.0
10.0
14.0
12.0
7.0
14.0
30.0
2.0
7.0
14.0
30.0
2.0
7.0
5.0
3.0
2.0
10.0
5.0
1.0
14.0
7.0
60.0
12.0
36.0
14.0
1.0
2.0
14.0
7.0
4.0
21.0
21.0
15.0
7.0
4.0
3.0
10.0
10.0
4.0
10.0
3.0
10.0
33.0
14.0
5.2
9.0
6.8
20.0
36.0
3.0
3.0
14.0
2.0
7.0
5.0
7.0
2.0
21.0
2.0
21.0
10.0
3.0
5.0
5.0
2.0
2.0
2.0
10.0
2.0
7.0
14.0
7.0
14.0
7.0
10.0
7.0
2.0
3.0
5.0
5.0
3.0
3.0
2.0
2.0
14.0
20.0
14.0
20.0
10.0
6.0
2.0
6.0
5.0
20.0
10.0
2.0
10.0
4.0
10.0
4.0
14.0
7.0
3.0
3.0
7.0
3.0
3.0
5.0
2.0
9.0
6.0
3.0
12.0
6.3
2.0
3.0
3.0
6.0
4.0
28.0
33.0
1.0
4.0
1.9
10.0
10.0
14.0
5.0
5.0
3.0
9.0
24.0
12.0
10.0
21.0
21.0
3.0
7.0
2.0
1.0
20.0
21.0
7.0
2.0
7.0
14.0
14.0
7.0
7.0
10.0
6.0
3.0
10.0
3.0
3.0
1.0
3.0
6.83
6.83
2.0
10.0
4.5
10.0
5.0
6.0
3.0
10.0
10.0
10.0
14.0
1.5
14.0
14.0
14.0
5.0
12.0
10.0
5.0
7.0
7.0
2.0
3.0
2.0
3.0
5.2
5.2
3.0
4.0
3.0
4.0
43.0
4.0
3.0
7.0
3.0
19.0
21.0
10.0
5.0
6.5
6.0
5.0
14.0
7.0
5.0
5.0
3.0
5.0
6.0
2.0
4.0
3.0
1.0
3.0
1.0
16.0
6.0
3.0
3.0
7.0
7.0
2.0
90.0
14.0
14.0
2.0
9.0
5.0
4.0
4.0
21.0
14.0
12.0
5.0
21.0
2.0
6.0
3.0
5.0
10.0
3.0
14.0
3.0
8.0
6.0
10.0
6.0
10.0
3.0
10.0
10.0
7.0
3.0
14.0
15.0
4.0
3.0
21.0
6.9
6.4
11.0
7.0
7.0
11.0
2.0
16.0
14.0
3.0
8.0
2.0
1.4
3.0
14.0
14.0
7.0
10.0
3.0
3.0
4.0
6.0
10.0
10.0
10.0
3.0
9.0
7.0
3.0
12.0
21.0
5.0
10.0
10.0
14.0
3.0
7.0
6.0
5.2
4.0
2.0
14.0
14.0
3.0
21.0
7.0
8.0
3.0
1.0
7.0
14.0
3.0
3.0
4.0
4.0
3.0
10.0
10.0
3.0
7.0
3.0
7.0
42.0
14.0
10.0
2.0
3.0
3.0
3.0
1.0
7.0
5.0
12.0
2.0
2.0
7.0
30.0
24.0
4.0
3.0
7.0
10.0
4.0
10.0
2.0
10.0
7.0
6.0
28.0
8.0
10.0
3.0
12.0
7.0
7.0
4.0
7.0
8.0
6.4
4.0
3.0
7.0
7.0
4.0
4.0
10.0
10.12
2.0
5.0
5.0
3.0
3.0
4.0
7.0
3.0
3.0
5.0
4.0
5.0
7.6
3.0
7.0
6.0
7.0
4.0
4.0
14.0
15.0
5.0
6.0
7.0
7.0
21.5
21.5
21.5
21.5
12.0
5.0
14.0
7.0
7.0
3.0
5.0
6.0
7.0
6.0
43.0
7.0
5.0
5.0
10.0
60.0
7.0
12.0
4.0
8.0
10.0
18.0
72.0
2.0
16.0
14.0
3.0
15.0
10.0
1.0
4.0
3.0
14.0
14.0
21.0
7.0
7.0
8.0
5.0
10.0
7.0
4.0
11.5
7.0
42.0
21.0
8.0
2.0
45.0
3.0
13.0
2.0
14.0
10.0
9.0
2.0
14.0
15.0
10.0
10.0
4.0
4.0
4.0
10.0
2.0
3.0
14.0
2.0
12.0
28.0
22.0
28.0
10.0
20.0
8.0
8.0
3.0
10.0
7.0
5.7
3.0
2.0
9.0
4.0
7.0
14.0
2.0
8.0
32.0
4.0
5.0
3.0
5.0
12.0
3.0
3.0
3.0
10.0
2.0
5.0
4.0
6.0
6.0
14.0
14.0
20.0
14.0
14.0
3.0
4.0
7.0
15.0
4.0
5.0
14.0
21.0
5.0
5.0
10.0
3.0
7.0
15.0
30.0
7.0
14.0
10.0
14.0
12.0
5.0
29.0
7.0
14.0
8.0
5.0
4.0
5.0
2.0
10.0
16.0
4.0
3.0
3.0
5.0
5.0
14.0
3.0
4.0
8.0
7.0
7.0
7.0
14.0
6.0
14.0
4.0
3.4
2.0
10.0
12.0
3.0
3.0
3.0
10.0
14.0
9.0
21.0
14.0
10.0
4.0
7.0
7.0
6.4
3.0
10.0
2.0
3.9
3.0
28.0
90.0
5.0
2.0
28.0
90.0
14.0
5.0
10.0
4.0
3.0
4.0
4.0
5.0
3.0
3.0
3.0
5.0
14.0
26.0
6.0
16.0
16.0
3.0
4.0
4.0
42.0
10.0
14.0
5.0
10.0
3.0
3.0
7.0
5.0
3.0
3.0
8.0
4.0
7.0
11.0
14.0
3.0
21.0
7.0
3.0
6.0
3.0
3.0
3.0
5.0
6.0
8.0
3.0
6.4
3.0
7.0
7.0
12.0
4.0
48.0
3.0
6.0
2.0
39.0
39.0
14.0
10.0
3.0
7.0
20.0
14.0
4.0
21.0
10.0
21.5
18.0
2.0
10.0
2.0
2.0
7.0
2.0
5.2
4.0
2.0
2.0
3.0
7.0
5.0
4.6
5.0
17.0
5.0
10.0
10.0
5.0
5.0
10.0
3.0
4.0
10.0
7.0
10.0
21.0
7.0
4.0
7.0
3.0
1.0
10.0
4.0
10.0
7.0
3.0
7.7
5.0
8.0
6.4
6.4
6.0
18.0
8.0
15.0
6.0
22.0
12.0
6.0
42.0
3.0
17.0
5.0
7.0
10.0
3.0
3.0
14.0
10.0
3.0
90.0
6.0
4.0
6.0
6.83
6.83
2.0
3.0
3.0
2.0
3.0
14.0
7.0
1.5
0.6
2.0
14.0
3.0
4.0
14.0
28.0
8.0
20.0
11.0
21.0
7.0
10.0
3.0
3.0
2.0
2.0
3.0
1.0
2.0
5.0
2.0
21.0
21.0
5.0
3.0
50.0
7.0
9.0
4.0
14.0
5.0
8.0
21.0
2.0
1.0
2.0
2.0
3.0
11.0
3.0
4.0
4.0
3.0
17.0
1.0
2.0
4.0
5.2
10.0
14.0
10.0
7.0
6.0
14.0
5.5
5.0
4.0
3.0
3.0
12.0
2.6
3.2
1.9
3.0
3.0
6.0
6.0
21.0
56.0
3.0
21.0
11.4
7.0
18.0
14.0
5.0
10.0
6.0
2.0
2.3
9.5
14.0
14.0
2.0
4.0
5.2
2.0
22.0
3.0
3.0
3.0
3.0
4.0
2.0
7.0
9.5
13.0
15.0
14.0
3.0
5.0
15.0
11.4
3.3
4.0
10.0
12.0
28.0
3.0
2.0
3.0
5.2
21.0
3.0
2.0
2.0
2.0
4.0
5.0
1.0
14.0
3.0
9.0
16.0
5.0
5.0
2.0
5.2
5.0
3.0
1.0
3.67
4.0
21.0
12.0
20.0
10.0
5.5
6.5
6.5
14.0
42.0
7.0
10.0
10.0
5.2
5.2
13.0
5.0
5.0
1.5
3.0
15.0
14.0
3.0
1.0
3.0
5.0
2.0
14.0
5.0
5.0
7.0
5.0
13.8
5.0
3.0
2.0
14.0
7.0
14.0
20.0
15.0
4.0
3.0
11.4
6.0
6.0
6.7
5.6
5.0
5.0
5.0
14.0
2.0
2.0
5.0
3.0
3.0
3.0
3.0
5.8
6.3
10.0
9.0
4.0
3.0
6.0
7.0
10.0
4.0
10.0
7.0
5.0
14.0
3.0
5.0
5.0
6.0
5.0
5.0
5.0
4.0
13.0
7.0
6.0
4.0
5.0
10.0
4.0
3.0
6.0
5.0
5.0
9.0
6.0
2.8
6.0
16.0
15.2
14.0
10.0
2.0
2.0
4.0
8.4
15.0
21.0
5.2
15.0
3.0
3.0
6.0
8.0
21.0
14.0
3.0
8.0
8.0
15.0
3.0
3.0
5.0
5.0
7.0
6.0
3.0
5.0
6.0
14.0
90.0
90.0
10.0
5.0
6.8
3.0
3.0
5.0
5.0
10.0
5.0
15.0
15.0
5.0
2.0
4.0
10.0
14.0
10.0
3.0
3.0
3.0
3.0
28.0
6.0
4.0
18.0
7.0
12.0
7.0
14.0
3.0
2.5
3.0
3.0
3.0
6.0
2.0
3.0
3.0
10.0
14.0
3.0
3.0
5.0
6.0
2.0
3.0
14.0
4.0
16.0
42.0
5.0
40.0
4.0
5.0
5.0
10.0
3.0
5.2
3.0
5.0
10.0
6.0
7.0
25.0
15.0
21.3
31.1
5.2
3.0
3.0
3.0
3.0
6.4
11.1
11.1
14.0
5.0
3.0
14.0
21.0
5.2
5.0
6.0
2.0
3.0
1.0
25.0
3.0
5.0
3.4
3.5
1.9
8.0
6.4
11.1
11.1
14.0
4.0
14.0
2.0
4.0
10.0
2.0
5.0
11.0
11.0
42.0
14.0
2.0
14.0
2.0
8.0
7.0
10.0
3.0
5.0
56.0
56.0
3.0
14.0
5.2
3.0
4.0
3.0
6.0
7.0
7.0
5.0
21.0
1.0
6.0
5.0
16.0
5.0
21.0
4.0
2.0
3.0
7.0
4.0
5.0
4.0
7.0
9.0
4.0
6.0
4.0
12.5
7.0
3.0
2.0
7.0
3.0
5.0
14.0
3.0
3.0
4.0
6.0
6.0
16.0
10.0
7.0
28.0
2.0
6.0
3.0
7.0
3.0
7.0
2.0
6.0
4.0
10.0
5.0
2.0
24.0
12.0
21.0
21.0
2.0
12.0
7.0
10.0
4.0
3.0
16.0
21.0
3.0
5.0
1.0
5.5
6.5
6.5
4.0
5.0
4.0
6.0
4.0
6.0
5.0
5.0
14.0
42.0
5.0
4.0
5.0
5.0
5.0
4.5
2.0
5.0
1.2
2.0
5.0
3.0
14.0
15.0
7.0
5.0
14.0
6.0
10.0
7.0
4.0
14.0
5.0
14.0
28.0
3.0
2.0
14.0
5.2
5.0
4.0
28.0
7.0
4.0
14.0
5.2
5.2
2.0
5.2
21.0
18.0
14.0
6.0
2.0
2.0
13.0
6.83
10.0
2.0
3.0
6.0
5.0
3.0
4.0
4.0
4.0
5.2
3.6
17.0
28.0
8.0
1.0
1.0
5.0
5.0
5.0
14.0
2.0
20.0
7.0
5.0
4.0
49.0
2.0
7.0
4.0
21.0
21.0
5.0
5.0
6.0
14.0
14.0
21.0
5.0
14.0
14.0
17.0
7.0
4.0
5.0
12.0
5.0
3.0
5.0
6.0
